moyenne : 3.897671e+01 
 sigma : 2.372846e+01 
 mediane : 3.325000e+01 