moyenne : 5.046376e+01 
 sigma : 9.870004e+01 
 mediane : 28 