moyenne : 1.343135e+02 
 sigma : 2.918108e+02 
 mediane : 34 