moyenne : 4.267929e+01 
 sigma : 2.138703e+01 
 mediane : 3.675000e+01 