moyenne : 2.535427e+01 
 sigma : 1.621147e+01 
 mediane : 2.012500e+01 