moyenne : 3.120964e+01 
 sigma : 1.780321e+01 
 mediane : 2.933333e+01 