moyenne : 1.678810e+02 
 sigma : 2.336807e+02 
 mediane : 52 