moyenne : 6.384926e+02 
 sigma : 6.662704e+02 
 mediane : 4.105000e+02 