moyenne : 4.045441e+01 
 sigma : 1.717220e+01 
 mediane : 35 