moyenne : 3.074785e+01 
 sigma : 2.051199e+01 
 mediane : 2.533333e+01 