moyenne : 4.389658e+01 
 sigma : 2.406190e+01 
 mediane : 39 